0 0.815625 0.341667 0.05375 0.103333
0 0.3875 0.2875 0.0175 0.0283333
0 0.400625 0.278333 0.01375 0.0266667
0 0.53875 0.195 0.0125 0.0233333
0 0.4975 0.270833 0.02 0.0416667
0 0.451875 0.253333 0.01375 0.0266667
0 0.671875 0.129167 0.01375 0.0216667
2 0.603125 0.184167 0.07125 0.0316667
0 0.48 0.294167 0.0225 0.0416667
0 0.73125 0.1175 0.02 0.0283333
0 0.574375 0.243333 0.03125 0.0566667
0 0.80125 0.0891667 0.03 0.0316667
0 0.928125 0.310833 0.08625 0.108333
1 0.499375 0.608333 0.16625 0.226667
